mgc_rve_context_lcv "ECEC471_Lib" "1bitALU6function" "layout" 1000
mgc_rve_highlight_index 0 "X90/9" "#FFFF00000000"
mgc_rve_layer "ngate"
mr 8.27 1.71 8.45 3.33
mgc_rve_layer "pc_par"
mr 8.27 1.47 8.45 1.71
mr 8.27 7.53 8.45 7.77
mp 12 7.67 4.09 8.27 4.09 8.27 3.33 8.45 3.33 8.45 4.09 8.59 4.09 8.59 4.51 8.41 4.51 8.41 4.27 7.99 4.27 7.99 4.41 7.67 4.41
mgc_rve_layer "pgate"
mp 8 8.27 5.05 8.41 4.91 8.41 4.51 8.59 4.51 8.59 5.01 8.45 5.15 8.45 7.53 8.27 7.53
mgc_rve_layer "m1_par"
mp 14 5.97 2.97 6.43 2.97 6.43 4.69 7.21 4.69 7.21 4.13 8.01 4.13 8.01 4.37 7.45 4.37 7.45 4.93 6.17 4.93 6.17 4.69 6.19 4.69 6.19 3.21 5.97 3.21
mgc_rve_layer "nsd"
mp 8 5.89 2.79 5.97 2.71 5.97 2.07 6.33 2.07 6.33 2.71 6.41 2.79 6.41 3.31 5.89 3.31
mgc_rve_layer "psd"
mp 8 6.09 4.53 6.61 4.53 6.61 5.09 6.53 5.17 6.53 6.43 6.17 6.43 6.17 5.17 6.09 5.09
mgc_rve_layer "LVgate"
mr 8.27 1.71 8.45 3.33
mp 8 8.27 5.05 8.41 4.91 8.41 4.51 8.59 4.51 8.59 5.01 8.45 5.15 8.45 7.53 8.27 7.53
mgc_rve_zoom 5.312 0.12 9.168 9.12 1
